19202841 48108313
19202996 86288467
19202936 148026135
19202916 229257062
19203086 253795908
19202941 257071094
19202926 254398014
19202841 232752276
19203081 156342917
19203301 90645640
19204086 49761688
19203161 43449775
19203226 45066674
19203426 66097332
19203171 115596466
19203301 200857225
19203331 247330982
19203326 256384459
19203181 256313939
19203276 246666370
19203151 198504411
19203266 113470682
19203296 64272000
19203251 44874980
19203391 43760885
19203206 51241573
19203211 93877076
19203196 161926969
19203341 234120827
19203401 254467267
19203096 256881495
19203171 253394381
19203066 227135911
19203101 144874098
19203431 85882343
19203531 48727882
19203451 43638128
19203286 46079564
19203286 72498449
19203301 122327303
19203036 208425835
19203136 248533016
19203206 256144935
19203001 255279033
19203141 242076944
19203161 185772410
19203051 107103774
19203086 60714325
19203196 44866241
19203246 44461405
19203071 55642162
19203101 100274655
19202981 172268579
19202901 236835445
19202881 254098330
19203116 255883904
19203101 249944183
19202986 216035945
19203081 131217553
19202976 80233189
19203091 48043366
19203226 44223788
19202976 48212173
19203046 80537913
19202896 130616922
19202776 215016762
19202941 249232002
19203051 255521146
19202971 253412961
19202961 235529617
19203106 172145010
19203151 101759314
19202646 58217202
19202776 45200373
19202961 45790092
19202846 62696116
19202931 107691848
19202886 183492939
19202826 238759719
19202731 253679386
19202786 254799559
19202791 245859829
19202991 205455483
19203901 122967651
19202991 76369011
19203071 48470096
19202821 45303836
19202721 52045401
19202666 87876335
19202951 141427794
19203041 220824374
19202906 249530426
19202726 254889086
19202906 251229134
19202876 227922265
19202801 157715045
19202926 95621989
19202941 56790242
19203146 46042567
19203061 47733758
19202936 71507757
19202876 114795927
19203076 191774050
19203111 240649959
19202991 253196905
19202871 253519430
19202901 241599946
19202946 195105462
19202871 116735848
19202886 73201561
19202911 48312047
19202801 46329224
19202941 57253413
19202711 95514065
19202761 154920622
19202696 224523714
19202771 249813900
19202746 253874133
19202781 248530847
19202636 219336336
19202616 144281511
19202856 91278138
19202631 55283149
19202496 46661454
19202401 49765787
19202431 78253385
19202566 121704388
19202521 200328801
19202636 242414132
19202756 253004935
19202771 251901199
19202611 236104663
19202726 182662005
19202651 111342399
19202856 70307062
19202656 48864079
19202716 48071616
19202856 64102835
19202526 102786140
19202681 164854960
19202551 228285736
19202516 249407019
19202671 252570682
19202721 244921271
19202751 211105560
19202636 134714546
19202951 88527164
19202681 55204499
19202736 47822276
19202721 53978013
19202631 85308736
19202836 129443528
19202821 205679491
19202771 242703544
19202736 251798706
19202896 249431892
19202891 229457245
19202406 170713064
19202431 106597814
19202571 68901186
19202596 49690162
19202511 50049623
19202566 70819847
19202746 109193949
19202566 175487255
19202806 230997384
19202556 249138652
19202731 251091145
19202656 240620337
19202801 201305609
19202701 126489621
19202731 84919093
19202596 55030777
19202831 49138596
19202806 59521382
19202816 92368112
19202671 139153624
19202621 211856673
19202756 243836617
19202856 250850957
19202686 246280625
19202631 221671567
19202656 159245843
19202711 101997622
19202411 66798314
19202486 50594708
19202346 53314843
19202546 78131489
19202586 115928438
19202646 184565201
19202566 232806728
19202816 248665898
19202806 249339237
19202906 236208156
19202766 192153507
19202581 120991896
19202971 81591209
19202891 55558427
19202941 50809056
19203051 64935415
19202841 98630029
19202601 149187786
19202961 216270395
19202801 244077439
19202746 249603750
19202906 243620313
19202681 215553596
19202751 146678060
19202761 98409486
19202651 65677676
19202671 51792614
19202741 56967955
19202741 83852121
19202606 122176822
19202916 191687991
19203171 234629531
19202876 247981256
19202851 246866780
19202861 230170036
19202746 181368663
19202991 115576109
19202926 79465965
19202811 56405520
19202826 53596738
19202776 71507681
19202851 104876989
19202691 159285589
19202841 219507219
19202846 243769208
19202791 248106482
19202566 239526608
19202616 206870487
19202556 137533918
19202616 95142195
19202646 65297620
19202631 53741194
19202641 62232509
19202441 89886833
19202706 128394822
19202671 197731227
19202781 235667582
19202536 247065727
19202476 244322867
19202396 224266302
19202551 170989693
19202566 111429025
19202701 77462628
19202691 57027902
19202941 56887792
19202776 76987436
19202876 110606833
19202956 169215370
19202971 222682219
19203046 243453242
19202946 246269927
19203026 235547521
19203111 199128992
19203131 130197904
19202916 91499949
19202891 63886160
19203011 55551454
19202901 66878773
19202761 95832226
19202916 136905641
19202851 203874140
19202986 236987442
19202711 246006719
19202671 241403285
19202901 217341118
19202846 158902091
19202821 107371283
19202686 75925691
19202611 58979884
19202746 61594686
19202801 83288682
19202621 116087728
19202831 176542263
19202931 224926096
19202761 242974969
19202771 243894825
19202771 229821846
19202946 188702379
19202801 124506295
19202876 90069470
19202841 65685741
19202816 59597203
19202906 72819400
19202976 101253031
19202901 144100041
19202891 206985791
19202971 236506750
19202851 244279924
19202761 237661980
19202971 209847798
19202656 149997079
19202561 103874332
19202731 75230074
19202711 60725395
19202586 66184988
19202651 88779581
19202636 122020954
19202816 183638343
19202756 226138474
19202676 241609965
19202616 241384613
19202801 224550457
19202851 180220999
19202906 120196478
19203086 87999508
19202946 66398779
19202826 62697637
19203056 77625299
19203166 106361609
19203031 152731317
19203056 210220047
19203101 236333947
19202931 242342932
19203111 233791301
19203121 203020452
19203196 141121677
19202936 101516524
19202856 74970165
19202566 62874075
19202906 70191339
19202966 93491625
19202966 126955468
19202881 189025398
19202891 227373297
19203056 240693447
19202941 238597513
19202931 218992526
19202961 171111160
19202846 116241682
19202846 85930303
19202786 67368349
19202821 65422615
19203006 82043736
19202881 110854765
19202931 161125256
19202776 213205608
19202906 236544795
19202821 240183178
19202901 229331362
19202946 195366873
19202816 133868015
19202956 98889987
19202951 74964097
19202836 65707705
19202946 74698376
19202991 98478550
19202971 132296546
19202826 193944014
19202861 228046429
19202991 239313031
19203006 235489138
19202616 212802588
19202831 161745259
19202846 112523999
19203026 84755438
19203026 68658041
19202876 69629274
19203096 87787836
19203016 116468225
19203031 168786136
19203121 215282874
19202906 235514297
19202626 237774041
19202826 223261405
19202656 186528482
19202841 127896410
19202721 96657713
19202811 75384733
19202876 68223023
19202886 79654018
19203266 103535987
19203016 140162176
19203021 197895501
19203091 228776187
19202981 237629996
19202921 231069166
19202841 206074935
19202796 153159208
19202936 109597617
19202961 84403812
19202991 70851887
19203026 73732528
19203016 92784671
19202851 121309760
19203221 175040047
19203181 217139681
19203111 234239644
19202971 234869278
19202666 219287048
19202896 177685617
19202811 122162657
19202771 95276497
19202711 76241165
19202786 71585728
19202726 83238080
19202651 107921067
19202706 147941338
19203846 201041661
19202966 228466916
19202861 235463952
19202721 227650642
19202806 199164580
19202826 144527984
19202591 107076826
19202616 83399952
19202711 72206236
19202416 77031888
19202646 96673674
19202581 125431346
19202801 180118710
19202731 218488491
19202931 233574292
19202911 232086493
19203066 213759534
19202981 171303165
19203211 120294214
19203236 93637825
19202781 76017172
19202991 74065603
19203151 87346966
19202836 112144256
19202861 154491470
19202861 203910487
19202791 228157304
19202941 233603883
19202936 223531898
19202706 191976495
19202916 137155921
19202761 104766664
19202546 83376980
19202676 74530737
19202596 80761361
19202611 100508963
19202611 130050382
19203536 184024891
19202541 219033150
19202701 232280501
19202656 228829297
19202976 208311495
19202741 163475106
19202861 117529991
19202786 92484129
19202761 77438672
19202596 77367275
19202661 91576602
19202706 116089301
19202916 160132581
19202541 206520052
19202746 227476198
19202936 231369265
19202861 219154947
19202776 186165180
19202626 132556487
19202641 102827956
19202691 82586927
19202871 75750532
19202811 84162206
19202871 104711369
19202936 135605365
19202866 188180338
19202956 220123439
19202896 230974501
19203001 226014719
19202941 202279560
19203211 155051047
19203196 114147043
19202936 90869465
19202966 78163741
19203016 79626236
19202916 95313114
19202926 120365585
19203051 167076197
19202951 208508960
19202746 227212621
19202931 228769457
19202896 213887395
19202876 177965962
19203146 127427822
19202916 100782660
19203186 83093867
19202981 78642481
19202971 88236614
19203121 109212091
19202926 141864408
19203026 192416573
19203066 219762305
19202946 228475073
19202821 221418413
19202951 196165260
19202901 148219516
19202866 112010522
19202891 90422121
19202781 79761027
19202801 83265185
19202741 99352642
19202591 124480731
19202546 171181348
19202716 209431037
19202716 225557993
19202711 225470522
19202676 208664607
19202621 171209637
19202431 124783301
19202616 99979101
19202606 83655041
19202346 80946910
19202386 91636019
19202576 112758233
19202686 148016918
19202396 194546806
19202416 219493430
19202371 226472101
19202281 217726540
19202451 189898396
19202926 141652911
19202636 109957786
19202711 90358385
19202591 81481093
19202621 86271066
19202536 102640443
19202511 127817532
19202916 175978568
19202816 210823630
19202841 224861953
19202926 222611400
19202831 204587677
19203036 164510056
19202866 121116736
19202911 98172103
19202836 83944465
19202976 82760044
19202936 95469575
19203006 116298028
19202816 155075680
19203196 197363783
19202991 218942245
19202986 223807886
19202936 213490952
19203066 183359032
19202956 135058009
19202806 107995097
19202831 90007807
19202966 83112910
19202726 89334341
19202786 106406714
19202976 132879062
19202806 180580747
19202586 211171102
19202676 222874058
19202566 218991097
19202681 197542690
19202631 156804800
19202641 118373171
19202491 97648511
19202746 85879051
19202561 86214088
19202956 98754988
19202931 120133081
19203176 159018962
19202996 199468228
19202966 218667021
19202976 221591080
19202996 208484952
19202881 177721869
19202986 131212397
19203661 106627906
19202551 90456647
19202661 85075662
19202601 92823378
19202731 110071825
19202721 137314270
19202901 182942795
19202536 211113592
19202721 221194861
19202841 215447169
19202606 193305289
19202576 151090247
19202506 116457869
19202566 96832955
19202806 86765768
19202656 88357096
19202646 101923320
19202526 123709909
19202716 164740976
19202741 200903248
19203101 218175798
19202886 219159688
19203026 204463733
19203061 171079429
19202896 127346051
19203071 104795045
19203166 90364747
19203211 86903225
19203111 95609682
19203081 113373268
19203196 143593341
19203186 186437830
19203056 212068153
19202951 219004188
19203061 213067954
19202921 187442386
19202981 145169814
19202961 114256802
19202856 96105031
19202826 87430074
19202971 90762249
19203056 104759305
19203016 127456082
19202951 169012145
19203131 201651037
19203201 216785399
19203176 215936750
19203056 199175092
19203371 164579392
19203286 124907248
19203216 103556438
19203251 90905769
19203301 89183700
19203276 98420094
19203136 116716581
19203251 148569324
19203226 188549467
19203286 211717114
19203436 216575820
19203316 208268959
19203226 183678995
19203396 140235918
19203301 112694448
19203216 96256870
19203066 89372069
19203171 93753878
19203081 108234714
19202981 131253531
19203046 171600753
19203116 201002926
19203061 214342279
19203006 211811752
19202981 194068333
19203016 158879830
19202946 122218885
19202996 102927228
19202931 91849470
19203011 91181914
19203126 101913535
19203131 120145353
19202926 153071749
19203031 190848136
19202941 210099120
19202881 214555455
19202881 203522059
19203101 175704288
19203071 134857337
19202931 111091590
19202911 96137620
19202906 90989593
19202946 96611070
19204056 111202705
19202946 134686967
19202986 176122228
19202981 203158856
19202911 213863916
19202916 209418116
19203056 189955571
19204221 152434793
19203346 120193305
19203241 102640760
19203331 92614542
19203011 93117075
19203171 104318699
19203226 123201485
19203366 157853229
19203206 192828648
19203796 209964807
19203216 211883017
19203021 200034142
19202961 170804922
19202961 130720715
19202766 109723391
19202861 96743231
19202966 92383536
19202896 99021982
19202926 114153604
19202721 138768632
19202826 178414792
19202841 203305764
19202966 211915822
19203211 206223032
19202886 185035541
19202941 147067243
19202826 118280214
19203091 102017149
19203051 93603920
19203146 95467223
19203146 107022655
19203101 126029318
19203011 161637905
19203076 193439643
19203071 208957403
19203036 209651874
19202991 195743750
19203251 165502274
19203136 128025923
19203151 108464387
19203081 96590233
19202846 93709952
19202881 101497461
19203041 117307125
19203026 143108699
19203311 181609314
19203376 203466242
19203281 210252641
19203251 202834500
19203296 180405480
19203101 142389189
19203046 116582705
19203106 101394029
19202996 94457908
19202911 98063327
19203041 109845069
19203191 128521811
19203086 165695810
19203211 194463796
19203156 208228838
19203051 206756630
19202966 190366194
19203131 160118663
19203276 125778790
19203116 107679804
19202996 97197926
19202896 95810098
19202931 104267213
19203156 120161516
19202831 148449310
19202836 182379334
19202936 202974172
19202966 208146603
19203031 199239827
19202871 175212360
19203021 138281501
19202831 114998203
19202786 101821547
19202861 96170528
19203066 99667669
19202791 112852569
19203146 133111353
19203046 168782062
19202841 195715534
19202921 206043831
19202941 203199615
19202931 186158889
19203311 153677208
19203311 123883150
19203141 107135077
19203066 98371780
19202996 97690119
19203306 105974070
19203171 123067151
19203176 151785628
19203181 183772235
19203166 202298686
19203321 205116123
19203081 194743251
19203166 168415515
19203126 133573317
19202971 114160123
19203036 101471384
19202991 97289287
19202936 102652112
19203211 115137157
19202991 136150698
19202931 170772343
19202946 195233869
19203146 205501679
19203001 200938780
19203151 182466339
19203061 149859867
19203006 121877776
19203296 106487253
19203281 98338885
19203301 99486673
19203266 109099319
19203416 125744996
19203446 157096766
19203451 186937766
19203446 202126417
19203551 203299813
19203426 191510322
19203326 164227483
19203261 130355080
19203191 113036936
19203511 101788034
19203086 98512740
19202981 104987332
19203171 118935490
19203256 142496256
19203186 175336471
19203031 197707206
19203211 204647005
19203101 197656910
19203046 175892653
19202871 142632486
19203131 119197049
19203001 105881285
19202921 99743824
19203151 101616520
19202986 111537706
19202996 128224614
19202976 159017111
19203156 187812531
19203041 200639921
19203091 200095551
19203096 187156853
19203266 160148177
19203331 128654505
19203176 111838424
19203281 101896931
19203076 100009282
19203241 106905314
19203051 120045115
19203126 142405672
19203171 175413926
19203341 195299612
19203276 201929952
19203076 194750488
19203191 173411746
19203116 140369163
19203186 118682011
19203251 105566082
19203176 100272258
19203181 103131082
19203121 113706785
19203101 131317659
19203091 163321812
19203151 189629257
19203246 201174579
19203241 198182657
19203191 184731141
19203146 155049278
19203176 126155969
19203256 111539298
19203126 102019653
19203001 101354293
19203291 108724971
19203241 122026874
19203171 147361593
19203226 176865765
19203251 194732226
19203381 199309189
19203181 190981639
19203186 168354481
19203321 137011561
19203236 117653187
19203316 105814906
19203376 101237594
19203231 105147804
19203361 116495002
19203086 134478476
19203401 164860402
19203471 188546599
19203291 198490050
19203156 195256176
19203036 179570942
19203121 151304125
19203156 124853414
19203101 110634513
19203031 103006817
19203121 103048026
19203136 111139348
19202991 125314327
19203086 150396324
19203006 178943429
19202866 194712737
19202981 196793715
19203031 187054590
19202846 164190588
19202931 133490583
19203111 116694329
19203181 106083486
19203191 102713490
19203571 107087026
19203461 118908983
19203306 138056678
19203336 167518113
19203311 187373177
19203301 196920103
19203081 192839994
19203161 175747312
19203096 146504671
19203291 122824698
19203201 109556179
19203296 102757837
19203281 103720310
19203101 113490914
19203111 130113714
19203186 156119762
19203111 182710806
19203126 193179426
19203151 193368561
19203326 182364112
19203316 158814555
19203246 131476970
19203366 115475440
19203026 106438952
19203196 103966442
19202786 108795844
19202936 120432926
19203066 140335669
19203131 169172706
19203246 189199762
19203301 195915859
19203071 190807471
19203041 171677791
19203021 142593477
19203256 121841514
19203141 109748740
19203196 104274343
19203071 106222472
19203046 114941558
19203131 130051233
19203026 156512628
19203101 181835724
19203086 193632493
19203536 192589038
19203181 180524471
19203141 157018792
19203036 129525448
19202786 114856602
19202931 106384940
19202961 105061577
19202986 110989234
19203021 122388314
19203041 143549092
19203096 171524256
19203051 188018753
19202946 193076123
19203031 185933982
19203211 167198229
19203361 139764316
19203041 120328585
19203166 110078797
19203006 105496951
19203121 107066766
19203226 116966229
19203571 131958776
19203331 159608761
19203066 181863546
19203436 192111500
19203301 190634602
19203181 176405894
19203091 151158934
19203316 127622054
19203171 113627582
19203151 106051972
19203251 106034725
19203186 112894986
19203121 125427573
19203151 146896831
19203111 173513237
19203226 188064438
19203191 192187683
19203321 183523986
19203231 164001069
19203426 137691771
19203236 120607914
19203096 109818555
19203036 106126789
19203031 109293140
19203156 118876661
19203091 136219927
19202951 161401316
19202856 182174152
19202896 190748534
19203091 186424873
19203076 172674611
19203101 148190688
19203256 125795107
19203191 113584979
19202896 107586818
19203311 107517519
19203351 114347084
19203096 127097589
19203061 149050225
19203251 173740144
19203271 187630047
19203146 189694190
19203041 180475469
19203096 158360447
19202881 133438023
19202751 118795884
19202986 109685797
19202981 107380274
19202951 111127831
19203116 121347460
19203006 138440641
19203171 163961011
19202966 182156425
19203181 189430922
19203226 184976210
19203301 169993295
19203226 145667868
19203156 124595431
19203091 113610650
19202951 108355224
19202956 109685582
19203086 116691552
19203121 129406943
19203051 152159704
19203021 173822697
19203191 185358505
19202886 185077478
19202886 175385477
19202946 155465877
19202826 131603034
19203036 117747233
19202926 110443931
19202436 107888048
19202706 112748472
19202821 122424194
19203096 139491141
19203016 164514128
19202766 182770003
19202836 187421957
19202941 183404303
19203116 167138907
19202951 141728577
19203241 123957795
19203091 113720932
19203201 108505947
19203291 110542517
19203001 118378914
19203171 132016772
19203001 153948718
19203021 175464370
19202991 185310173
19203151 184735598
19202916 175479093
19202791 153892108
19202866 130848245
19203996 117562919
19202916 110701563
19202891 109876656
19202816 114540879
19203101 124120071
19202861 142296988
19202836 165285734
19202886 182877607
19202856 187452763
19202616 180203607
19202681 164158665
19202911 138217217
19202956 123064393
19203191 112747551
19203016 109175726
19202836 111225448
19202786 118816103
19202906 133712038
19202921 155680985
19202941 176130795
19202781 184777161
19202956 183919040
19202816 171570271
19203061 149462595
19202776 128759040
19202821 116800344
19202951 110796233
19203096 110266389
19203001 115867990
19203031 126645016
19202981 145888281
19202986 167692020
19203056 181637824
19203221 184413069
19202971 177040977
19202961 159228694
19202831 136562327
19202816 122045215
19203131 113286754
19203196 110401369
19203311 112747976
19203166 121054529
19202971 135725580
19203016 158936105
19203056 176670212
19203091 184568892
19203001 181688076
19202966 168240519
19203096 145761793
19203216 127035393
19203176 116631440
19203086 110796567
19203101 111551489
19203166 117672087
19203036 128467013
19203066 148030585
19202901 169246151
19203126 181239095
19203241 183270060
19203331 174743713
19203251 156187638
19203231 134354234
19203076 120820098
19203171 113250962
19203036 110958647
19203251 114677417
19203091 123284869
19203041 138533266
19203101 159851921
19203311 176957230
19203196 184086529
19203181 178973360
19203066 164781692
19203341 143279123
19203216 125831351
19203181 116536679
19202966 112014210
19203101 113214786
19203026 119395307
19202931 130518788
19202951 149908804
19203146 169402859
19203096 179476938
19203056 180627935
19203241 170543814
19203171 153728437
19203176 132613236
19202831 120924756
19203041 113864703
19203066 111831617
19202836 115770361
19202906 124503696
19202961 139178418
19202941 161001396
19202696 175939193
19202841 181029955
19202931 176925488
19203046 162184733
19203066 140946345
19203161 125187976
19202986 116210924
19202751 112289968
19202791 113656113
19202911 120273095
19203101 132259683
19203031 152507028
19202951 170193050
19202971 179751384
19202976 178745461
19203181 169033745
19203196 149716444
19202956 131407042
19202951 120482779
19202966 113843387
19202971 113117629
19203206 117652613
19203116 126515302
19203046 142347988
19203006 162520720
19202781 175940184
19202711 179215364
19202556 173636876
19202781 158473072
19202961 138316207
19202786 124604186
19202716 116414951
19202821 112973054
19202721 115172080
19202901 122286504
19202966 133814440
19202996 154053557
19203176 170323641
19202956 178148588
19202991 177121110
19203056 166192190
19203251 147760240
19202991 129833087
19202961 119297523
19202836 114093464
19202946 113968952
19202931 118828843
19202901 128640866
19202861 144748477
19202971 164150078
19202966 175715818
19202826 177703396
19202731 171522146
19202931 155676345
19202831 136591771
19202651 123306222
19202711 116424204
19202486 113524737
19203491 116374133
19202816 123881153
19202891 136363931
19202756 155609973
19202996 171262268
19202871 176588389
19202941 174362316
19202901 161176112
19202901 143747089
19203066 128383785
19202811 119218700
19202881 114649672
19202816 115320111
19202816 120126740
19202661 130084116
19202611 147332227
19202936 164359137
19202866 175024597
19202916 176624415
19202991 169082065
19203071 152618335
19202856 134859585
19202771 123104462
19203086 116165604
19202896 114464136
19202801 117942148
19202856 125118381
19203126 138319728
19203101 156982471
19203211 170758046
19203221 177107343
19203201 172907213
19203236 160702645
19203241 142438011
19203011 127373105
19202966 118798669
19203161 114891066
19203226 115790770
19203096 121537082
19203011 131695777
19203006 149178515
19203021 165436583
19203126 174189240
19202996 175267267
19203151 166812604
19202886 149936126
19202981 133000253
19202901 122207269
19202796 116395484
19202821 115363088
19202741 118631236
19202876 126620253
19202761 140350073
19202886 158729423
19202946 170756193
19202956 175507547
19203016 170796884
19202841 158390860
19202811 139766930
19202841 126889291
19202851 118755093
19203051 115408274
19203241 117068516
19202881 122870350
19202811 133385150
19202721 150704229
19202756 166029781
19202841 174106023
19202816 173050844
19202781 163946599
19202811 147871162
19202806 131681729
19202781 122191579
19202696 116625590
19202736 115984355
19202726 119906167
19202881 128153899
19202676 142507640
19202771 159446488
19202971 170733979
19202851 174039937
19203006 168288966
19202786 155407635
19202731 137949289
19202846 125333386
19202731 118901765
19202971 116583105
19202926 118035554
19202866 124204024
19202861 134902612
19202951 151405590
19202916 166214175
19202916 173198993
19202956 171851197
19203091 161757714
19202946 145561827
19202891 130311415
19202881 121340491
19202861 116960193
19203756 116782137
19202681 121264734
19202816 129821601
19203036 144602646
19203016 160866062
19202936 170181631
19202836 171822634
19202986 166233257
19202976 152414682
19202936 136082606
19202951 125215821
19202971 118859004
19202916 116941429
19203051 119309358
19202886 125674760
19202761 136797984
19202966 152924608
19202941 165903889
19202751 171306602
19202621 169684849
19202821 159642645
19203031 143692324
19202876 129779387
19203086 121048339
19202926 117397681
19202876 117818106
19202731 122250729
19203036 130981688
19202806 145680034
19203046 161410180
19203031 170561427
19203101 171170479
19203021 164212710
19202981 150242278
19203086 134333339
19203096 124869410
19202771 119344667
19202876 117281374
19203011 119882943
19202896 127290033
19203161 138391173
19202786 154779466
19202966 166837345
19202981 169653343
19203071 166957845
19202946 156318621
19202926 141281544
19202931 128655982
19202796 121242876
19202771 117642129
19202926 118273436
19202961 123957527
19202966 132922607
19202776 147450309
19202776 161503382
19203081 169397664
19203171 169250698
19202806 162226422
19202766 147933532
19202751 133234035
19202636 123977526
19202696 119343698
19202756 118165922
19202796 121169199
19202551 128392508
19202436 139914491
19202751 155409988
19202661 166594507
19202706 169889722
19202836 165711595
19202736 155054141
19202691 139641762
19202921 127628030
19203021 121234924
19202811 118309056
19203016 119629220
19202831 124894812
19202871 134778151
19202861 148321255
19202841 161828801
19203956 169277621
19202916 167268636
19202886 159733782
19202776 146187397
19202886 131937892
19202951 123817927
19202871 119444907
19202956 118826055
19203036 122709100
19202836 129800013
19202906 142527919
19202806 157389352
19202646 166161398
19202736 169238160
19202656 163669564
19202771 151626799
19202576 137446690
19202781 127065685
19202561 120860825
19202611 118824223
19202701 120675995
19202716 125940132
19202886 136095322
19202751 150464849
19202846 161512939
19203011 167731530
19203046 165949691
19203241 157212947
19203176 143740734
19203096 131149527
19202936 123219709
19202911 119350225
19202681 120035833
19202761 123748856
19202866 130380035
19202886 143589745
19202866 157340027
19202911 165052676
19202906 168325210
19202946 161463237
19203481 149410883
19202636 136235464
19202451 126089899
19202591 120750789
19202671 119632818
19202566 122245216
19202711 127920258
19202681 137857941
19202646 152068514
19202501 161752435
19202681 166939020
19202756 164026985
19202421 154576390
19202796 142225469
19202611 130347128
19202691 123561186
19202546 119842228
19202531 120452227
19202726 124680615
19202751 132109362
19202506 145427098
19202681 158356518
19202816 164677283
19202841 165557212
19202936 159597287
19202846 145962162
19202541 134700615
19202861 126195229
19202716 121261894
19202651 120101410
19202806 122534625
19202551 128620947
19202566 137628627
19202541 153106827
19202746 162204579
19202781 165370161
19202871 162896937
19202581 153579426
19202481 140181635
19202426 129813987
19202526 122953420
19202706 120400886
19202676 121358400
19202566 126480677
19202476 134457452
19202431 146297909
19202561 159279608
19202511 164094814
19202586 163580924
19202476 157386264
19202311 144387191
19202271 133316234
19202256 125510867
19202261 120638563
19202521 120294458
19202266 123517271
19202441 129874112
19202601 140678645
19202411 153408660
19202416 161917753
19202431 164306397
19202381 160051627
19202381 151264248
19202361 138459254
19202466 128915146
19202636 123281729
19202631 121087185
19202601 122019141
19202591 126990150
19202696 135003358
19202601 146423797
19202506 158255042
19202526 164156480
19202621 162876659
19202346 156100187
19202456 143072862
19202606 132040479
19202531 124542786
19202581 121576368
19202586 121157929
19202376 125182182
19202406 130992245
19202486 141364205
19202481 153589835
19202381 161053538
19202676 164043946
19202281 159344799
19202481 149441977
19202361 137704223
19202356 128299481
19202476 123284385
19202606 121718026
19202671 122636396
19202401 127091422
19202351 136034839
19202391 147960266
19202491 158010806
19202536 162943694
19202411 161505488
19202516 154120702
19202456 141964091
19202611 132232885
19202551 125182631
19202666 121572229
19202486 121899378
19202686 125137045
19202616 132018114
19202496 142566333
19202491 153741483
19202331 161694698
19202381 163233568
19202276 157344841
19202416 147456308
19202211 135762881
19202276 127946118
19202116 122912410
19202066 121929540
19202266 123987531
19202141 128358714
19201971 137823336
19202221 149407572
19202191 158536301
19202271 162488959
19202171 159880406
19202086 152496090
19202531 140699264
19202596 130989397
19202421 125460677
19202261 121920937
19202356 123291050
19202331 127043147
19202226 134243219
19202196 144498515
19202436 154815672
19202556 160523353
19202531 160630539
19202686 155754985
19202686 144972656
19202851 134676028
19202586 127845872
19202316 123314169
19202616 122278699
19202456 124582426
19202501 129606089
19202681 138060287
19202481 148363913
19202411 156075124
19202846 162540289
19202756 159974396
19202751 150337898
19202831 139042940
19202486 129392313
19202606 124254665
19202621 122078947
19202611 123379700
19202766 127353422
19202571 134333533
19202431 145281182
19202656 155301696
19202716 161271626
19202696 160405312
19202601 154248286
19202406 144312916
19202381 134803357
19202641 127166677
19202671 123712947
19202711 123095104
19202736 125572757
19202646 130390939
19202691 139686275
19202581 150086535
19202726 158071183
19202886 161354339
19202881 156920045
19202726 148532591
19202666 138766596
19202751 129651841
19202716 124475900
19202601 122747019
19202641 123895374
19202776 128490639
19202711 135835343
19202746 145464812
19202596 154930185
19202751 159938647
19202666 158765257
19202716 153476409
19202826 142061854
19202721 132670298
19202576 125315695
19202746 122163120
19202701 122764977
19202726 125493312
19202736 132819318
19202686 142451618
19202806 150961875
19202686 157547912
19202816 160286346
19202686 156579332
19203006 146076066
19202901 137179345
19202676 129326320
19202676 124833516
19202861 123696515
19202806 124055041
19202971 128755582
19202941 136694359
19202916 146234571
19202696 155836556
19202696 159550279
19203766 158506726
19202586 151978039
19202946 141756937
19202841 132309189
19202996 126558459
19203046 123443803
19203236 124007258
19203066 126459109
19203106 133137917
19203061 141561279
19202831 151770156
19202901 158584923
19202951 158578713
19202936 155097189
19203006 144571342
19203796 135515203
19202906 128835602
19203131 125083569
19202906 123498103
19202591 124847494
19202751 128848351
19202941 136152137
19202706 146717880
19202586 154814076
19202586 158639077
19202731 155772129
19203151 149666662
19202986 139554605
19202871 131322861
19202816 126879548
19202871 123536279
19202876 124886507
19202766 127992925
19202721 132937810
19202686 141337161
19202831 149007222
19202726 157938682
19202851 157094942
19202866 153269651
19202841 144022522
19202756 135163440
19202801 128620981
19202731 125051211
19202646 123773416
19202516 125813757
19202596 130702914
19202601 139047765
19202726 148270293
19202831 155831238
19202781 158628807
19202701 155283687
19202751 147688874
19202616 138350540
19202396 131323412
19202481 126209167
19202471 124638645
19202911 125427989
19202766 128800885
19202756 134825903
19203066 142357676
19202806 151048688
19202861 155821233
19202901 155853370
19202511 151267046
19202601 142942651
19202711 134265520
19202586 128808443
19202736 125382373
19202706 124440964
19202696 127440528
19202586 133155919
19202616 138658087
19202726 149594983
19202681 152554679
19202911 156187340
19202811 154022182
19202731 145660195
19202946 137713469
19202651 130617424
19202736 126074089
19202506 122851482
19202516 124274631
19202866 127871727
19202826 134726491
19202441 143830921
19202721 153348507
19202721 154578402
19202761 156052491
19202696 147799083
19203756 140894475
19202746 132926907
19202821 128279969
19202961 124986441
19202926 124617358
19202976 127098703
19202916 132353315
19202971 140417295
19202821 149279593
19202831 155086596
19202756 156097677
19202801 152940730
19202951 145817489
19202931 137260515
19202836 130393880
19202811 126190722
19202796 125284330
19202926 126271362
19202986 130125237
19202936 136097994
19202851 144517579
19202636 152735769
19202531 155596966
19202636 154234623
19202451 148731189
19202901 140798572
19202451 133129608
19202471 127878106
19202656 125277810
19202431 125111667
19202591 128146947
19202386 133417018
19202536 140581459
19202581 149039260
19202646 154395999
19202486 155098908
19202361 152106806
19202446 144764991
19202601 136303609
19202751 129650371
19202816 126327129
19202651 125980905
19202606 126445177
19202711 129976508
19202741 136747365
19202611 145810212
19202831 152960564
19202951 155969958
19202861 153708140
19203011 147944297
19202951 139401501
19202936 132262187
19203031 127596772
19202906 125424814
19202901 125986732
19202831 128731030
19202836 133956471
19202741 141158720
19202816 149295064
19202931 154328655
19203086 154635650
19202996 150564619
19202806 142642227
19203496 135043614
19202551 129216222
19202656 126500835
19202951 125978292
19203111 127890769
19203021 131536943
19202946 138213896
19202861 145743758
19202956 151509595
19202901 154259840
19203126 153494071
19203091 145777457
19203131 138508743
19202936 132124599
19202811 128061613
19202826 125795104
19202961 126205044
19202796 129282189
19202946 134962652
19202931 142100825
19202981 148531058
19202916 153815588
19202866 153728764
19202981 149081002
19203131 142750109
19202876 135133303
19202921 129357365
19202846 126232347
19202691 126058682
19202691 127681341
19202806 132573828
19202721 138387764
19202586 146700466
19202736 151995750
19203136 154080098
19203106 151456531
19202711 146131535
19202736 138036289
19202861 131419567
19202836 127000438
19202781 125982507
19202796 126957669
19202626 130209734
19202706 135980519
19202716 142939639
19202771 149728696
19202871 153053113
19202831 152370112
19203226 147762174
19203071 140726253
19202746 134267569
19202726 129136821
19203051 126847388
19202741 126416735
19202746 128688111
19202721 132567043
19202646 139322797
19202741 146286036
19202701 150740693
19202606 154251159
19202796 150897360
19202621 143358838
19202726 136543989
19202751 131260712
19203021 127653410
19203051 126361780
19203081 127850353
19203061 131211112
19202941 136515640
19202831 143581420
19203031 149531604
19202916 152211319
19202701 151839325
19202681 147815849
19202596 140080108
19202451 133462533
19202771 129710669
19202981 126995789
19203031 126645749
19202861 129262718
19203046 133495457
19202816 140496049
19203021 146916303
19203126 150961054
19203156 152023913
19203031 148380716
19203206 142068265
19203166 136659276
19203086 131772387
19203051 127457535
19202996 126371274
19202881 127952490
19202931 131565174
19202861 136895350
19202801 143091785
19202886 149470058
19203196 152681079
19202626 151078170
19202726 145313313
19202636 139185707
19202721 132384470
19202611 128671142
19202631 127333524
19202711 128054116
19202686 130209262
19202701 134444412
19202671 140123975
19202466 146933527
19202611 151505481
19202606 151465188
19202636 148832158
19202526 142559555
19202461 135369397
19202306 130752968
19202351 127116648
19202516 126958246
19202511 128579477
19202651 131285533
19202756 136325787
19202686 145179993
19202606 149929196
19202511 151615851
19202751 150487340
19202836 144667010
19202781 138112745
19202821 133093331
19202766 128742791
19202806 126540513
19202876 127563484
19202946 130763185
19202931 135246925
19202936 141397841
19202871 146993494
19203666 151184993
19202496 151258733
19202601 147642896
19202786 141084941
19202756 134938950
19202736 130478493
19202766 127382829
19202871 127056437
19202856 129658762
19202616 133029718
19202601 138107767
19202636 144849332
19202761 149154206
19202616 150981291
19202511 149392565
19202701 144025399
19202731 137511231
19202706 132415601
19202681 128855666
19202521 127479756
19202581 128464486
19203001 130728354
19202856 135844663
19202806 142254537
19202791 147448469
19202861 150561668
19202801 149910087
19202656 146205968
19202631 140559247
19202801 134542153
19202961 130266299
19202871 128594061
19202886 127959833
19202811 130253737
19202931 133323952
19202916 138822493
19202826 144664286
19202716 148100476
19202681 150237238
19202466 148236455
19202596 142940961
19202601 137397928
19202586 131975623
19202451 129290948
19202456 127783921
19202766 128562875
19202566 131266365
19202601 135373648
19202421 141924095
19202496 147264522
19202631 150223575
19202626 149707202
19202531 145791965
19202556 139660971
19202751 133950806
19202806 129264331
19202651 128750816
19202751 128292383
19202586 129316871
19202721 133426748
19202776 139619135
19202766 144687278
19202521 149268231
19202731 151058204
19202631 147561087
19202526 143158397
19202571 136467063
19202386 131551183
19202656 128552306
19202536 127891872
19202816 129152371
19202666 132155424
19202666 137280576
19202826 143297756
19202886 147349595
19202466 149935447
19202571 148878766
19202761 143978703
19202806 138984915
19202901 133873806
19202641 129888157
19202546 128267504
19202591 128759079
19202561 130336748
19202451 134607004
19202591 140305159
19202441 145331994
19202541 149130654
19202506 149664149
19202401 146971289
19202611 141745307
19202231 135910419
19202481 131267883
19202456 128851700
19202406 127984857
19202561 129665871
19202461 132903159
19202336 138435990
19202346 143942542
19202151 147462373
19202556 149515527
19202596 147185709
19202566 143619502
19202386 139268060
19202331 133327261
19202456 129047015
19202426 129493672
19202486 128285991
19202591 130439416
19202431 136100016
19202461 140043179
19202691 144992570
19202676 148987297
19202676 148464423
19202606 145205128
19202596 140210175
19202466 134951812
19202581 131061800
19202476 129179470
19202501 129103315
19202476 130235267
19202416 133451360
19202676 138689381
19202586 143032738
19202681 147291865
19202706 150523467
19202701 147060355
19202666 142188432
19202491 137289488
19202621 132080341
19202481 129893200
19202696 128824538
19202736 129215335
19202891 132017568
19202746 136759446
19202596 141317523
19202761 146135712
19202601 148774206
19203466 148025061
19202521 144430861
19202501 139851090
19202496 134696777
19202386 130613292
19202591 128754154
19202496 128948170
19202431 130724482
19202526 134047219
19202406 139266366
19202246 144205201
19202376 147063238
19202261 148763031
19202541 146469614
19202501 141671956
19202511 137112173
19202426 132518391
19202431 129852543
19202541 129051584
19202441 129060330
19202516 131533721
19202516 136919949
19202591 141735628
19202541 146012155
19202581 148686273
19202661 147246529
19202636 143448539
19202646 138797601
19202511 134000647
19202966 131531941
19202861 128594552
19202766 127690733
19202696 131076775
19202601 134734442
19202701 140039194
19202306 146139281
19202506 148654924
19202451 147605746
19202371 144755393
19202586 140298350
19202621 137876969
19202571 132845891
19202641 129382014
19202656 129466070
19202586 130475245
19202846 133035780
19202401 137919860
19202846 141088251
19202646 145390027
19202576 148016615
19202576 147552155
19202841 145021704
19202571 140006862
19202696 134229947
19202581 130628543
19202511 129374585
19202501 128892171
19202521 130432998
19202376 136866009
19202536 141464493
19202321 147382068
19202311 151565343
19202436 147451832
19202571 144209147
19202721 140364884
19202701 134983565
19202541 131418688
19202701 130037671
19202661 129782862
19202541 130690296
19202476 134518883
19202776 137268858
19202596 144713190
19202601 145595502
19202771 148574643
19202806 145819794
19202926 141809294
19203281 139058396
19202556 133931404
19202411 131838898
19202521 130324678
19202571 130207515
19202581 132386615
19202536 135339779
19202536 140878943
19202561 144072601
19202721 146937401
19202526 148278658
19202841 143930874
19202816 140085373
19202856 135870326
19202716 132101701
19202776 129931216
19202721 129372385
19202916 130838653
19202791 133457424
19202821 138239246
19202506 142487669
19202641 146513615
19202636 147319131
19202676 146899690
19202741 141656256
19202726 137644883
19202781 133433447
19202941 129869931
19202936 129195210
19202881 130392761
19202886 133399820
19202886 136813250
19202981 141057605
19202921 145588752
19202911 147048538
19202946 146938633
19202891 143850979
19202806 138571705
19202751 134717997
19202831 131458033
19202641 129906705
19202796 129612408
19202841 131673707
19202701 134728894
19202876 138986764
19203026 144314324
19202766 147860000
19202931 148009891
19202841 144168206
19202706 140115674
19203941 135517027
19202711 132674488
19202856 130662650
19202716 130166394
19202736 130950785
19202811 133582853
19202751 137221339
19202961 140935049
19202876 144298785
19202931 146508772
19202851 145842115
19202846 143152567
19202821 138290525
19203896 134684280
19202946 131582720
19203051 129965000
19202826 130077991
19202841 131668042
19203026 134741494
19202786 139061958
19202841 142922750
19202816 146576841
19202786 146682091
19202796 144193731
19202731 141243228
19202761 136273973
19202746 132587507
19202491 130578582
19202626 129993049
19202621 131298894
19202586 134055820
19202431 137486460
19202376 141864939
19202316 144631763
19202296 146188907
19202411 145452672
19202526 142240254
19202451 138233169
19202486 134579510
19202291 131752108
19202386 130412465
19202516 130333003
19202586 132169743
19202276 135757896
19202406 139823844
19202556 143127634
19202521 145828559
19202606 145890748
19202886 144069318
19202581 140630038
19202646 136016685
19202811 132757650
19202686 130792766
19202646 130292681
19202691 131279952
19202746 133901547
19202771 137695143
19202961 141991409
19202941 145240234
19202811 146427288
19202796 144763691
19202601 141558640
19202586 137347973
19202796 134188925
19202616 131560194
19202651 130613909
19202431 131027586
19202601 132803795
19202671 135895533
19202946 139678109
19202791 143407877
19202451 145541224
19202591 145819504
19202421 142864822
19202401 139558725
19202531 135748520
19202426 132414750
19202486 131076379
19202471 129902708
19202521 131661990
19202611 134036916
19202531 137525205
19202831 142167827
19202806 145581456
19202926 145721922
19202686 143928895
19202826 141368495
19202831 136400452
19202801 133754355
19202696 131770525
19202686 130545147
19202751 130266309
19202686 132815747
19202546 137831007
19202711 141219979
19202781 144482524
19202701 146113628
19202731 144477699
19202891 141314538
19202691 138101917
19202636 135229027
19202376 131619970
19202671 131305756
19202451 130357525
19202616 132551336
19202526 134921373
19202666 137064534
19202626 141959666
19202586 145001953
19202651 145422934
19202646 143349816
19202756 140136296
19202806 136511652
19202416 133582724
19202436 131824147
19202491 131341708
19202561 132020026
19202656 133765244
19202571 137059677
19202636 140607744
19202426 144368422
19202396 145122187
19202576 145228748
19202296 141954578
19202311 138808310
19202246 134973021
19202476 132235660
19202436 130835327
19202421 131622620
19202521 133056828
19202271 135516928
19202621 138779554
19202381 140818901
19202476 145097377
19202631 144351530
19202586 142838032
19202746 139720527
19202626 137455902
19202581 133853960
19202641 131135637
19202356 131522405
19202441 131965895
19202341 133959892
19202636 137344429
19202356 140582203
19202331 143530427
19202746 145216497
19202981 144100016
19203056 141914741
19203011 138181352
19202976 134696171
19202871 132349731
19202811 131520887
19203026 131514834
19203206 132877159
19202906 135994847
19203281 139480391
19203501 142131420
19202926 144453881
19202936 144275903
19203046 141963565
19203106 138859634
19203071 136276538
19202981 134095750
19202836 132909047
19202851 131478302
19202896 132381195
19202926 134326626
19202651 137573158
19202561 141287833
19202826 143494129
19202746 144370320
19202416 143758647
19202676 141104675
19202931 137347866
19202866 133902648
19202741 131781057
19202631 130622483
19202616 131933545
19202691 133533733
19202581 136173487
19202746 139713874
19202736 142344231
19202796 144784257
19202886 145100888
19202836 142509214
19202766 139181502
19202681 135996527
19202701 132942376
19202561 131594123
19202696 131846038
19202656 132114461
19202686 135523971
19202806 138442224
19202771 140057534
19202811 143544939
19202506 143856500
19202776 143691187
19202731 140896255
19202726 139355208
19202686 134753238
19202766 132768029
19202616 131456221
19202826 131120268
19202686 133724501
19203006 136938491
19203041 139286513
19202806 143014995
19202796 143211579
19202751 143104310
19202826 141823947
19202556 138685831
19202581 136405145
19202601 132290438
19202671 131555787
19202556 131375124
19202376 131575207
19202576 136204884
19202726 139488584
19202546 140470822
19202711 143686589
19202796 143860921
19203031 142463253
19203061 140444194
19202661 136634580
19202726 134559291
19202956 131852039
19202826 131742684
19202861 131911184
19202866 134073114
19203711 137556324
19202686 139000734
19202746 142376578
19202901 142836305
19202821 144017555
19202896 141510935
19202901 139024806
19202691 135914806
19202901 132908979
19202671 131815633
19202351 131917974
19202501 132948202
19202521 135448292
19202456 138823899
19202821 141331798
19202381 143108923
19202546 143287452
19202696 142431117
19202896 139580840
19202596 136631057
19202786 133926009
19202936 131885292
19202996 132362318
19202591 132201517
19202611 135505907
19202661 137706686
19202866 140616198
19202786 142168474
19202881 142991189
19202596 143085743
19202536 141077762
19202676 138067962
19202686 135249762
19202591 132772295
19202726 131856319
19202681 132338256
19202661 133690687
19202611 135925608
19202741 138856683
19202931 141224512
19202956 143685051
19202756 143101142
19202521 142164789
19202581 138687161
19202616 136185689
19202836 133841810
19202741 131898707
19202616 132499486
19202406 133184636
19202456 135246649
19202501 137968877
19202221 139716059
19202401 142140468
19202686 143988443
19202571 142636054
19202721 142351831
19202631 137467912
19202616 134370651
19202561 132694962
19203016 131655591
19202596 132942289
19202556 135225662
19202506 136978648
19202676 139713245
19202576 141566129
19202446 141912283
19202476 143335408
19202731 141005860
19202606 139631887
19202546 136279085
19202471 133335871
19202391 132393320
19202356 132077784
19202236 133111559
19202386 134291233
19202471 137472078
19202341 139391990
19202401 141967910
19202511 143971399
19202611 142045419
19202561 140709272
19202491 138015289
19202456 134566618
19202476 132714020
19202671 132253670
19202521 132366043
19202561 134674978
19202486 137285498
19202526 138564612
19202471 141654456
19202326 144241832
19202401 143395737
19202216 141653812
19202251 138038219
19202301 135656966
19202291 133270452
19202186 131828055
19202181 132536082
19202146 133611737
19202236 135651333
19202201 138875930
19202171 140751050
19202176 142801794
19202171 143160324
19202401 142060065
19202356 139589717
19202371 137068419
19202186 134428278
19202261 132722382
19202526 132710798
19202411 133178333
19202291 134291308
19202501 137341195
19202486 139813944
19202261 141523543
19202371 143366332
19202406 142999409
19202341 141146891
19202531 138024684
19202391 135372785
19202586 133257610
19202691 132172056
19202701 132632396
19202531 133315155
19202426 135799637
19202431 138755900
19202421 141231180
19202361 142567051
19202666 143400517
19202531 141444416
19202526 139155694
19202646 136612924
19202511 134459218
19202251 132962478
19202281 132369180
19202446 132803532
19202166 134079017
19203046 137323996
19202166 139564458
19202041 142126301
19201986 142902768
19202126 142512089
19202286 140680718
19202566 138168749
19202651 135280885
19202521 133965271
19202471 132788489
19202371 133294463
19202511 133998222
19202466 136344643
19202456 138441610
19202531 140577698
19202596 142561706
19202536 142820720
19202426 140680250
19202416 139200401
19202461 136440867
19202421 134606046
19202291 133262335
19202561 132952693
19202456 133323755
19202521 135175599
19202431 136855842
19202331 140015528
19202631 141619826
19202366 143049177
19202586 142644713
19202536 139869807
19202196 137855817
19202211 135127222
19202326 133151478
19202036 132738759
19202306 133186874
19202521 134447231
19202456 136227202
19202621 138676777
19202586 141363303
19202746 142474380
19202671 142489203
19202526 141141315
19202471 138563345
19203416 136038912
19202611 134109799
19202671 133109221
19202631 132955823
19202331 133619828
19202506 135411340
19202346 137804289
19202136 140188506
19202226 141985341
19202271 142573664
19202261 141645960
19202311 139660531
19202451 136845532
19202206 135391946
19202366 133350899
19202236 133008210
19202396 134444697
19202226 135200500
19202246 136989686
19202161 139132534
19202241 141135065
19202431 142515340
19202516 142783621
19202566 141466563
19202551 138831018
19202581 136400264
19202566 134741924
19202436 133359642
19202536 132402671
19202566 132980234
19202546 135250789
19202376 138216754
19202491 141102205
19202526 143558867
19202371 141984517
19202311 140835589
19202396 138595566
19202606 135815449
19202891 134859371
19202491 133878843
19202721 132770480
19202756 133352324
19202591 134563038
19202416 136520924
19202461 140003109
19202416 140673543
19202406 141413835
19202451 140114122
19202416 140816979
19202556 138388180
19202321 136129301
19202511 133547417
19202396 132922538
19202466 132968523
19202561 134758812
19202566 136843085
19202376 138815781
19202451 141717598
19202356 141173207
19202431 140833148
19202741 140320629
19202611 138849928
19202391 137176472
19202551 135346796
19202511 134014471
19202501 133303545
19202566 133279345
19202241 135539107
19202521 137290801
19202816 139086135
19202611 141213749
19202556 141145218
19202546 141187539
19202646 139522512
19202476 136381386
19202446 135320989
19202576 134458516
19202461 133284594
19202471 133956668
19202666 134832180
19202636 136152099
19202551 138469318
19202676 140048045
19202481 141371641
19202471 141192830
19202406 140965770
19202691 138798743
19202501 136712803
19202486 134662647
19202701 133584274
19202691 133378850
19202451 134046897
19202396 135530986
19202491 137647636
19202286 139163815
19202446 140854799
19202536 141547585
19202261 141020480
19202676 139395994
19202661 137401623
19202626 135335169
19203616 134437830
19202421 133382922
19202481 133702712
19202436 135111665
19202611 137754880
19202531 139187478
19202576 140463686
19202481 140869033
19202661 140947967
19202386 139829223
19202341 138198068
19202376 136391403
19202396 134612158
19202501 133624293
19202566 133546934
19202651 134224955
19202441 135675401
19202651 137493544
19202416 139004949
19202756 140954803
19202651 141074373
19202551 140687891
19202751 139073158
19202641 137148663
19202556 135391321
19202661 133786244
19202486 133791761
19202581 133843525
19202651 134801080
19202361 136559535
19202421 138421419
19202521 140451974
19202681 141745144
19202616 141716820
19202611 139287832
19202751 138795437
19203041 136150284
19202926 135018051
19202646 133528180
19202756 133145199
19202666 134320125
19202601 135741381
19202901 137614806
19202656 139635950
19202716 138983899
19202651 141661544
19202881 141164887
19202676 140237732
19202821 138473542
19202681 135471518
19202621 133967353
19202586 133855740
19202576 134557928
19202656 135662752
19202746 136504648
19202906 138785865
19202881 139683387
19202936 140764663
19202746 140378051
19202501 139109672
19202711 138294400
19202581 136448457
19203656 135433330
19202801 134038650
19202816 134065363
19202696 133937805
19202761 136464365
19202471 138626746
19202591 139503960
19202836 140306774
19202696 140797245
19202726 138763478
19202676 138099699
19202581 136705609
19202711 134539850
19202696 134498084
19202696 133308210
19202831 134485102
19202441 135811550
19202761 136812122
19202651 138364685
19202776 138900213
19202746 139888527
19202501 139790522
19202471 139502676
19202631 138187493
19202631 136815894
19202611 134812854
19202596 134516335
19202506 133917178
19202546 134813704
19202666 135942274
19202646 138372746
19202446 139975736
19202646 140840141
19202666 140754982
19202621 139863288
19202666 138938878
19202856 136582389
19202811 135218363
19202601 133889962
19202611 133257423
19202656 134519583
19202506 136355906
19202511 137192220
19202666 138598185
19202226 140698149
19202406 140747367
19202131 140826233
19202181 138890235
19202236 136660740
19202381 135542363
19202356 134999968
19202621 133695069
19202456 134196615
19202201 135427208
19202031 136770186
19201801 138064703
19202186 139473888
19202286 140022805
19202251 140813507
19202236 140338528
19202401 138561682
19202281 136935075
19202796 135112331
19202166 133734451
19202281 133820247
19202271 134756485
19202546 135483722
19202346 137260603
19202271 139157640
19202496 139582712
19202411 140409829
19202546 140185857
19202616 139222498
19202436 137772355
19202461 135845624
19202376 134707565
19202516 133911999
19202411 134121977
19202586 134969625
19202531 136401615
19202351 138209575
19202386 139745443
19202501 141257644
19202506 140218344
19202401 140799736
19202386 138363905
19202471 136124825
19202526 135122036
19202346 133118015
19202476 133824511
19202391 134223826
19202491 135935955
19202651 138035676
19202641 139345306
19202561 140813423
19202696 141512539
19202626 140511343
19202606 138454443
19202756 136518574
19202511 136618153
19202446 135540224
19202401 132928243
19202416 132883709
19202451 135950201
19202581 139298302
19202426 140777066
19202581 139883431
19202346 138782942
19202416 138927289
19202416 139607338
19202771 138502817
19202326 136610154
19202646 135064626
19202706 133857778
19202816 133886355
19202331 135087838
19202561 136649585
19202426 137193938
19202751 139329816
19202611 140160843
19202571 140125839
19202626 140220880
19202296 138572601
19202261 137817848
19202496 134830876
19202731 134344095
19202636 133086791
19202711 133412303
19202471 136129167
19202516 137252259
19202446 139530422
19202486 140529559
19202341 140712304
19202511 139389793
19202466 139395300
19202491 137495468
19202361 135782781
19202261 134958052
19202401 134613874
19202446 134538139
19202526 135506827
19203536 136472230
19202236 137626242
19202361 139120845
19202601 140100324
19202416 139945906
19202611 139886938
19202556 138270039
19202376 136603036
19202461 135412510
19202481 134324255
19202501 134278801
19202301 135318418
19202641 135483528
19202711 136841202
19202576 137996237
19202736 139063966
19202821 140676574
19202506 140404444
19202576 138146824
19202496 137452530
19202381 135660542
19202436 135786616
19202491 135203925
19202626 133927063
19202696 134907665
19202566 135931318
19202266 138346375
19202366 140369186
19202411 141224111
19202421 140664764
19202616 139479948
19202661 138388171
19202601 136794522
19203631 135708907
19202671 134838331
19202686 134639902
19202611 134694910
19202831 136132837
19202501 137198414
19202711 138857634
19202651 139927185
19202636 140291916
19202501 139926550
19202481 139166537
19202501 136875064
19202631 136099029
19202711 135185783
19202381 134488342
19202456 134628956
19202466 135675377
19202501 137033608
19202556 138651573
19202261 139424743
19202591 140255876
19202581 140158847
19202606 138606922
19202436 137460655
19202476 136197871
19202711 135927262
19202506 135910262
19202626 134096789
19202611 134296155
19202946 135802063
19202676 137378350
19202711 139731180
19202671 139919640
19202466 140299900
19202561 139614963
19202556 138734222
19202661 137481469
19202686 136265585
19202651 135382957
19202741 134571252
19202806 134501377
19202691 136031875
19202651 137299061
19202661 138674804
19202291 139067646
19202636 140624386
19202741 139756453
19202711 139075552
19202566 138236422
19202626 136687225
19202601 135379515
19202631 134746638
19202721 134114144
19202731 135116213
19202706 135967636
19202716 137788422
19202681 138635249
19202616 139856376
19202581 139803072
19202686 138634879
19202606 137869956
19202501 135736221
19202701 133701240
19202696 134304550
19202676 135470145
19202386 135756403
19202286 136646904
19202446 137103478
19202571 137180419
19202491 138530258
19202466 140078098
19202541 140082774
19202526 139202037
19202806 138030696
19202681 136456969
19202686 135475554
19202531 135032360
19202676 134659339
19202766 135403643
19202521 136372797
19202501 137684324
19202751 138815835
19202586 140008126
19202456 140064255
19202656 139517239
19202551 138375560
19202541 137171184
19202571 135628777
19202576 135226635
19202686 134616487
19202626 135440504
19202786 136401576
19202831 137479455
19202701 138458232
19202846 139435893
19202736 139995977
19202476 139137127
19202626 139465442
19202801 137340254
19202606 136191174
19202501 135445272
19203611 134506836
19202576 135007858
19202431 135356928
19202541 136727995
19202426 137936826
19202481 138800785
19202431 140327223
19202661 140397695
19202536 138916909
19202596 138168568
19202496 136154572
19202571 135595605
19202136 135180616
19202126 134412522
19202161 135630978
19202381 135896464
19202356 137100317
19202446 138265774
19202291 139388077
19202421 139627863
19202486 139824254
19202496 138498832
19202331 137778761
19202426 136258521
19202486 135144379
19202496 134770741
19202471 134666022
19202436 135278250
19202391 136886006
19202261 138096952
19202486 139530549
19202576 139954700
19202216 139125769
19202471 139480234
19202516 137621250
19202546 137497937
19202441 135473039
19202476 134747666
19202546 134863335
19202451 134266896
19202341 136075703
19202531 137580838
19202606 139814532
19202246 140028120
19202481 140150565
19202516 138808897
19202326 137854150
19202301 137157218
19202351 135935199
19202406 135224111
19202316 135241827
19202446 135322282
19202341 135951900
19202571 137009591
19202451 137712368
19202531 139587073
19202611 140045037
19202481 140481912
19202566 138635003
19202636 137186083
19202641 135870584
19202631 135758684
19202576 134885264
19202471 135452796
19202581 135603130
19202686 136454218
19202626 137496014
19202641 138587197
19202516 139138478
19202576 139572127
19202476 138670977
19202536 137779146
19202541 136559397
19202471 136049811
19202266 135846027
19202376 135513735
19202561 135332908
19202431 135622876
19202536 136664214
19202541 138176263
19202581 139149607
19202431 139913852
19202571 139669461
19202591 138875851
19202581 137885133
19202246 136527669
19202371 135767608
19202176 135073024
19202401 134986636
19202371 135598631
19202336 136567463
19202116 137788835
19202226 138854313
19202086 139498160
19202136 139689353
19202276 139245863
19202426 137783833
19202411 137506515
19202271 136621560
19202396 135487204
19202356 135312722
19202366 134943664
19202126 135964454
19202446 136954614
19202306 138254976
19202311 139295723
19202646 139675502
19202561 139550056
19202646 139029202
19202596 137589415
19202366 136721861
19202396 135554353
19202366 134393368
19202506 132711492
19202456 134404553
19202506 136972039
19202906 139800525
19203066 140524727
19202661 139367632
19203006 139145148
19202916 138414976
19203176 137897493
19203111 137347684
19203116 135966340
19203256 135208731
19203006 134826041
19202901 135303661
19202981 136662224
19203111 137466150
19203101 138490749
19203121 139496331
19202991 139512308
19202836 139545975
19203096 138765464
19202896 138050411
19202631 136509069
19202811 135703382
19202806 134907689
19202751 134659368
19202996 136114340
19203041 136664977
19203436 138004506
19203411 138855342
19203426 139785604
19203071 139543626
19202981 138915075
19202906 138327417
19202906 136542734
19202871 135677609
19202911 134262035
19202596 134913758
19202726 135920312
19202931 136800301
19202771 137950930
19202906 137975710
19202791 138875497
19202501 139414133
19202896 139459981
19203126 138872571
19203171 137586114
19203151 136396480
19203331 135785060
19203026 135721361
19203011 135835621
19202866 135778548
19202986 136621169
19202961 137643599
19203261 138573408
19203226 139735145
19203316 140039505
19203606 139273565
19203541 138289793
19203381 136465793
19203181 135812553
19203071 135472392
19203041 135489024
19203146 135409399
19203256 136749729
19203131 137441297
19202936 138186690
19203056 139569742
19203151 139987125
19202946 139868545
19203116 138611934
19203046 137457770
19203181 135659392
19203176 135446303
19203231 135528397
19203221 135540709
19203316 136279423
19203281 136999225
19202691 137308506
19202841 139315146
19202886 139746347
19202916 139438911
19203086 139203421
19203056 137451808
19203166 136743289
19203101 135851736
19203401 135255881
19203406 135323043
19203236 136092743
19203196 136873196
19203186 137595957
19203156 138664628
19204131 139234925
19203151 139623574
19203091 138996136
19203001 138146390
19203261 137499111
19203066 136378338
19203196 135429781
19203261 135480032
19203266 135458958
19203056 137154954
19203131 137534997
19203361 138281449
19203111 139006182
19203351 139639147
19203331 138987078
19203261 138735466
19203351 137950220
19203301 136997855
19203306 135948689
19203321 135995211
19203211 135143557
19203361 135816423
19203176 136166275
19203131 137575104
19203206 138676773
19203226 139749448
19203246 139582207
19203011 139352371
19203216 138341117
19203266 136963707
19203331 136171101
19203241 135238037
19203276 134986855
19203271 135904574
19203301 136109064
19203266 138054473
19203621 138499792
19203551 139084009
19203536 138803721
19203301 139282915
19203456 139583380
19203331 138867606
19203256 137161964
19203341 135131039
19203276 134935572
19203201 136042018
19203276 136592176
19203166 137733894
19203176 137855519
19203466 138470105
19203376 139367474
19203336 139233177
19203256 139565928
19203266 138310684
19203186 136430799
19203096 136313305
19203051 135524367
19203096 135663623
19203281 136609021
19203211 136682655
19203411 137482857
19203421 138164869
19203321 139015299
19203056 139452665
19203326 139121412
19203101 138455875
19202916 137183867
19203166 137155580
19203391 135910996
19202771 135759339
19203086 135614124
19203116 136018270
19203296 137099689
19203146 137713050
19203211 138819288
19203156 139018731
19203206 139005655
19203256 138681936
19203261 138079852
19203376 137434325
19203311 136201041
19203226 135787427
19203236 135642148
19203371 135586971
19203201 136841299
19203166 137738238
19203146 138856196
19203156 138893657
19203281 139074514
19203216 139049637
19203191 138150581
19203391 137185183
19203341 136594024
19203416 136113375
19203541 135810706
19203461 136086596
19203611 136167991
19203686 136965178
19203381 138210768
19203536 139240774
19203501 139660083
19203256 139771400
19203291 138912656
19203351 138251826
19203251 137660936
19203246 136086476
19203211 136123856
19203476 135699748
19203486 136303196
19203391 137040782
19203406 137596657
19203426 138683578
19203586 139096949
19203346 139659778
19203301 139779454
19203066 139096549
19203231 137264376
19203006 136159925
19203056 135413957
19202826 135365385
19202981 136381401
19203011 136898668
19202791 137756420
19202911 139025666
19203076 139120619
19203061 139014436
19203221 139064170
19203146 138317871
19203361 137500449
19203141 136891672
19203431 135950717
19203221 136142084
19203036 135861211
19203106 136698925
19203081 137350120
19203251 137693878
19203276 138455949
19203036 139029008
19203106 138874562
19203196 138325462
19203271 138255113
19203301 137587520
19203311 136842675
19203301 136300613
19203541 135640090
19203471 136248028
19203431 136287121
19203411 137393015
19203411 138629733
19203396 139593142
19203241 139648810
19203296 139539731
19203411 138169116
19203526 137407787
19203411 136399161
19203496 136454719
19203291 135968717
19203336 136243358
19203206 136332456
19203211 137132730
19203121 138059951
19203266 138861701
19203401 139326502
19203341 139321092
19203396 138718192
19203246 138051132
19203276 137110601
19203291 136634806
19203256 135838528
19203326 136003827
19203366 136242127
19203071 136845116
19203286 137586715
19203111 138583658
19203186 139091798
19203151 139056338
19203241 138992896
19203421 138312857
19203551 137561058
19203306 136987640
19203241 136092752
19203396 136071690
19203311 136058591
19202976 136388306
19203346 137166140
19203361 138066118
19203126 138823083
19203326 139224284
19203366 139104546
19203281 138959035
19203246 138211147
19203436 137233265
19203316 136544085
19203221 135795950
19203211 135780396
19203331 136185263
19203501 137372972
19203546 137877093
19203641 138923862
19203536 138789226
19203556 139218535
19203551 139080322
19203591 138360403
19203301 137236255
19203446 136297800
19203391 136493779
19203336 136251623
19203271 136860097
19203146 136343863
19203246 137186327
19203401 138102330
19203166 138508237
19203296 138756391
19204261 139323052
19203306 138693379
19203166 137994931
19203146 137253097
19203276 136518131
19203351 135977216
19203191 136183334
19203236 136217652
19203331 136770446
19203316 137763507
19203361 138320818
19203221 138960105
19203071 138973970
19203111 139201425
19203276 138474694
19203331 137450683
19203081 136386828
19203031 135888899
19203231 136883219
19202931 136557325
19202816 137055950
19202726 138032811
19202726 137938360
19202891 138960813
19202896 139419820
19203166 139046075
19203061 138595598
19203261 137741066
19203461 137101301
19203291 136616812
19203201 136333287
19203176 136140984
19203296 136610631
19203076 137333754
19204046 138042266
19203071 138374041
19203206 139125484
19203186 139040208
19203101 139020721
19203141 137852982
19203211 137385469
19203471 136650601
19203106 136431993
19203146 136356209
19202931 136537297
19202936 137242959
19203041 137641400
19203211 138430451
19203346 139305668
19203266 139478024
19203301 138752431
19203186 138703003
19203206 138433707
19203201 137757884
19202816 136889021
19202871 135852073
19203026 135462824
19202951 136332945
19203291 137378428
19202926 138509736
19203076 138961851
19203141 138386009
19203046 140068297
19203011 139613134
19202946 137896105
19203141 136607175
19203311 136053014
19203361 136573119
19203456 136431171
19203521 136993636
19203411 137910890
19204671 137376952
19203446 138047147
19203241 138764775
19203316 139254115
19203311 139331892
19203281 138865536
19203251 138296304
19203331 137358818
19203046 135801611
19203126 135846991
19203146 136923614
19203156 138096752
19203186 137691745
19203151 138607311
19203526 139863184
19203396 139952148
19203246 140308092
19203396 138458158
19203486 137184157
19203546 136314225
19204271 136877562
19203311 136860220
19203281 136371437
19203276 136300392
19203241 136919953
19203336 138164746
19203286 140187402
19203401 139226799
19203271 138715903
19203251 138406299
19203306 137039434
19203226 137202859
19203491 136892021
19203476 137160107
19203456 136850289
19203581 136554871
19203411 136886693
19203326 137307088
19203211 138095802
19203401 138082275
19203121 139608345
19203216 139188361
19203126 138391968
19203201 138256492
19203301 137732170
19203246 138007923
19203131 136831275
19203101 135970499
19203066 135945464
19203016 137328121
19203146 137697995
19203121 138586501
19203211 139461800
19203291 139348618
19203161 139405684
19203231 138209288
19203136 136999623
19203151 136772465
19203136 136644088
19203191 136403286
19203206 136798254
19203471 136982810
19203381 137438773
19203166 137852177
19203071 138715250
19203026 138645073
19203266 139693127
19203406 138445829
19203196 137462093
19203061 137305658
19203291 137038181
19203236 135930521
19203056 137079214
19203396 136929658
19203246 136838425
19203341 137789194
19204246 138453288
19203276 139789167
19203331 139221443
19203011 139364358
19203141 138509760
19203111 138123572
19203101 136958279
19203156 136595953
19203121 136432093
19203236 136232883
19203386 137330244
19203266 137526782
19203091 137057577
19203291 138154281
19203256 139375355
19203151 140044078
19203291 139084180
19203171 138242744
19203136 137068067
19203146 135653921
19203161 136722694
19203316 137133086
19203276 136912024
19203131 137217632
19203096 137615399
19203116 138506540
19203111 139871895
19203241 139944483
19203131 138899641
19203531 138146840
19203391 136756645
19203506 136632664
19203401 136345134
19203246 137016521
19203176 137056800
19203066 136868988
19204261 138241925
19203201 138458702
19203141 138229749
19203256 139188897
19203071 137475022
19203096 138196567
19203006 135938368
19202946 139629976
19203076 136710190
19203016 136199366
19203171 134614394
19202951 134109492
19203241 137727248
19203101 137829359
19203341 140131911
19203061 140310125
19203051 139671858
19203266 140581984
19203031 138638277
19202861 136275413
19203126 135449294
19203216 134977290
19203366 135771184
19203241 135643430
19202951 136277445
19202981 139696592
19203251 140117754
19203206 139248646
19203066 138223016
19203201 138732328
19203176 137661672
19203411 137964039
19203301 137206784
19203236 136768075
19203121 136941200
19203381 136701110
19203226 137395773
19203136 138025249
19203381 138297102
19203321 139534462
19203056 139315486
19203066 138711254
19203171 138513862
19203396 137652494
19203381 137755424
19203196 137049885
19203336 136766682
19203396 136165028
19203096 136959389
19203146 137159935
19203236 137820843
19203296 139019466
19203331 139591622
19203336 138597836
19203521 139482221
19203301 137466605
19203246 136928178
19203201 136704182
19203296 136502705
19203186 136746297
19203261 137239638
19203246 137283923
19203406 137894491
19203436 138363096
19203531 138958210
19203306 139088307
19203401 139096320
19203406 138681706
19203546 137672092
19203386 137343270
19203331 136887107
19203261 136531127
19203306 136863281
19203686 137022833
19203451 137446898
19203356 138161531
19203296 138756537
19203096 139472373
19203331 139153375
19203251 139108471
19203126 138018473
19203336 137400803
19203166 136894534
19203076 136701430
19203046 136269175
19203081 136807951
19203266 137350803
19203271 137927024
19203211 138643470
19203261 139107093
19203121 138889511
19203171 139110409
19203216 138317492
19203021 136815170
19203061 136608583
19202911 137850971
19203061 136772020
19202931 136995679
19203156 137280113
19203256 137268839
19203291 137764474
19203101 138715203
19203311 138583340
19203546 138842129
19203071 138711532
19203446 138343347
19203406 137740834
19203501 136962522
19203481 136667110
19203371 136065195
19203336 136951011
19203346 136899539
19203291 138120519
19203401 137932024
19203251 139669898
19203366 138591223
19203411 138995301
19203421 138662336
19203316 138114383
19203441 137082460
19203336 136883156
19203121 135794819
19203001 136760297
19203231 136891952
19203106 137475018
19203176 138454204
19203321 138926810
19203366 139150357
19203566 138879418
19203091 139248270
19203546 138290534
19203301 136698944
19203111 136530758
19203301 137351118
19203391 136026763
19203276 136816560
19203191 136312386
19203226 138274525
19203176 139340852
19203361 139195608
19203301 138783512
19203421 138333153
19203441 137961278
19203571 137486953
19203386 137045670
19203176 137213498
19203311 136557001
19203256 136766228
19203331 137062145
19203176 137681534
19203381 138471677
19203506 138629982
19203466 139115066
19203316 138699691
19203486 138251245
19203316 138082770
19203181 137134873
19203346 137039088
19203316 136581606
19203316 136706991
19203301 136781784
19203571 137512153
19203461 137685205
19203611 138406962
19203446 139037085
19203446 139349315
19203386 138124821
19204371 138916089
19203436 137959567
19203531 136889622
19203256 136289385
19203371 136115645
19203246 136571775
19203236 137511654
19203151 137946484
19203556 138367394
19203581 138626871
19203446 138964461
19203526 138413710
19203341 138327547
19203236 138065497
19203491 137018930
19203166 136839780
19203311 136541745
19203156 136576494
19203256 136983730
19203406 137317344
19203281 138147969
19203361 138512336
19203881 138687411
19203271 138922795
19203406 138356940
19203441 137835378
19203171 137533518
19203201 136959000
19203311 136699135
19203066 137154283
19203216 137129034
19203541 137493053
19203226 137451192
19203381 138116184
19203231 138218805
19203221 139086557
19203196 138736533
19203081 138366211
19203196 137934305
19203126 137182695
19203211 136878339
19203116 136244074
19203056 136598730
19203251 136942430
19203371 136907930
19203386 138344314
19203311 138546196
19203326 138977650
19203456 138946829
19203516 138053965
19203611 138696566
19203636 136995953
19203516 137996468
19203581 137305566
19203446 136565236
19203451 137311317
19203501 137269749
19203461 137876128
19203391 138307491
19203336 138650348
19203261 138664072
19203346 138858188
19203321 138162147
19203471 138015563
19203501 137130714
19203446 137052956
19203261 136714592
19203181 136919117
19203151 137297562
19203071 137678079
19203201 137897119
19203131 138355329
19203426 138497632
19203086 138411785
19203296 138636899
19203196 138075522
19203291 137177518
19203306 137711377
19202956 136798425
19203101 136742853
19203061 137385920
19202941 138067467
19203156 137838570
19203366 138417697
19203261 138492634
19203321 139174433
19203271 138902979
19203156 138152942
19203426 138041978
19203481 136871737
19203391 136499433
19203301 135225815
19203121 136779355
19203161 137270708
19203121 138111068
19203146 138721412
19203076 138544697
19202691 138607419
19202596 138558991
19202681 138604786
19202691 138125635
19202536 137616300
19202611 136948838
19202676 136390702
19202761 135964054
19202671 137189385
19202561 137601569
19202551 138334849
19202511 139036307
19202436 138699226
19202311 138688976
19202441 137999541
19202381 137514810
19202521 137627013
19202451 136880914
19202301 136711675
19202336 137856437
19202401 138508997
19202356 137964038
19202641 137305939
19202461 137190880
19202486 137535256
19202481 138475433
19202401 138790011
19202416 138396779
19202341 138108813
19202586 138147363
19202481 137582897
19202521 136536163
19202466 137155659
19202701 137417060
19202526 137245826
19202601 137289062
19202466 136941070
19202491 139450071
19202671 139576092
19202816 138636627
19202566 138544786
19202721 137060363
19202666 136554767
19202776 136701395
19202571 137309974
19202626 137020809
19202546 137406053
19202581 137825744
19202501 137980221
19202271 138537402
19202381 138054246
19202516 138044045
19202396 138151046
19202266 138203019
19202406 137428881
19202551 137056316
19202491 136568877
19202371 136878243
19202531 137279124
19202431 137375674
19202541 138010061
19202601 138572890
19202421 138618689
19202361 139138133
19202491 138813524
19202456 137507420
19202426 137092177
19202466 136446952
19202521 136832044
19202451 136439221
19202411 136894178
19202366 137205143
19202281 137076772
19202376 137940614
19202726 138460850
19202451 138837338
19202301 139201147
19202296 138620912
19202266 138398323
19202176 137358974
19202111 136967843
19202296 136086857
19202356 136377964
19202631 137078492
19202666 137104458
19202611 138084647
19202491 138220437
19202301 139404407
19202271 138830114
19202366 138943465
19202281 138213861
19202481 137691539
19202391 136752050
19202376 136418251
19202356 136647312
19202336 136375219
19202256 137205479
19202411 137505932
19202336 138164528
19202491 139205728
19202396 139516829
19202521 139888090
19202456 138747699
19202296 138520776
19202546 136841367
19202541 136519181
19202586 135915308
19202386 136185814
19202561 136828841
19202551 137656928
19202476 138307953
19202286 139220708
19202521 139381632
19202741 138442321
19202446 138144056
19202326 137296914
19202531 137463959
19202541 136711304
19202491 137183263
19202496 136972559
19202501 137047341
19202281 137525676
19202436 138341530
19202286 138813701
19202401 138753137
19202446 138235095
19202501 138210096
19202646 138041555
19202456 137857746
19202386 137488643
19202556 137230366
19202676 136898971
19202581 137064891
19202421 136736027
19202341 137076923
19202551 137362103
19202576 137789372
19202461 138407741
19202741 138861799
19202531 138990116
19202381 138158567
19202626 137725628
19202731 137337457
19202371 137599458
19202816 137753381
19202586 136579541
19202756 135923398
19202481 137355511
19202506 138988900
19202521 139087690
19202551 138881357
19202551 138601107
19202451 138089743
19202531 137955812
19202391 137191178
19202261 138529410
19202336 138975962
19202276 138287393
19202406 137040004
19202261 136844110
19202381 137672925
19202431 138496447
19202356 138821997
19202376 138747184
19203451 138254708
19202321 138171626
19202491 137938729
19202416 137315383
19202671 136968154
19202446 136977443
19202456 137100045
19202531 137532278
19202531 137751106
19202351 138417512
19202286 138278527
19202511 138505958
19202341 137939936
19202321 137674335
19202586 137694461
19202551 137115230
19202486 136909961
19202656 137162707
19202611 136844318
19202536 136702205
19202671 137402078
19202476 137613782
19202491 138746297
19202476 137751885
19202571 138075843
19202441 137938218
19202426 138578196
19202551 137790492
19202431 136606276
19202411 136471694
19202246 135261469
19202406 136763252
19202491 138315753
19202611 138812525
19202541 138569244
19202616 138279898
19202541 138632956
19202531 138398553
19202446 138107967
19202571 138042398
19202651 137540119
19202581 136501120
19202546 137030609
19202396 136879146
19202611 138165244
19202556 137732259
19202421 137986971
19202586 138398880
19202511 138404858
19202501 138531065
19202356 138542709
19202431 138543993
19202321 137701289
19202371 137567587
19202511 137385645
19202486 137295532
19202341 136880175
19202491 137775021
19202591 137734838
19202726 138881882
19202701 138651936
19202501 139339077
19202501 138540853
19202486 138394001
19202536 137630701
19202576 137377064
19202406 136940264
19202531 137433687
19202611 137178961
19202526 137826424
19202456 137989024
19202431 138986866
19202446 138966819
19202851 139071887
19202791 138533747
19202686 138378802
19202646 138228328
19202821 137319510
19202581 137156819
19202416 136320526
19202656 136988083
19202671 137297485
19202616 137946216
19202366 138994032
19202446 138757125
19202501 139173292
19202411 138567623
19202436 138371651
19202401 138360187
19202296 138434672
19202411 137103913
19202061 137195941
19202226 136504707
19202131 137044280
19202536 137890956
19202476 138490028
19202376 138642272
19202411 138899381
19202446 138829559
19202486 138645518
19202481 138365022
19202626 137868703
19202566 137706778
19202396 137858693
19202436 137095241
19202371 136906702
19202561 137350864
19202681 137957688
19202511 138496853
19202766 138491494
19202996 139127757
19202686 138760135
19202526 138843158
19202621 138601015
19202661 138126995
19202756 137500083
19202846 136833424
19203131 137033176
19202841 137235333
19202966 137501089
19202831 138045652
19202676 138774189
19202841 139619727
19202636 139893083
19202721 138540760
19202726 137902388
19202761 137917041
19202921 137703296
19202581 137379015
19202536 137014545
19202871 137062404
19202756 137224855
19202811 137338805
19202871 138743616
19202916 140438850
19202736 139347705
19202551 138144443
19202561 138219656
19202696 137750408
19202581 137814723
19202746 137495154
19202631 136192370
19202661 135888896
19202611 136221006
19202481 137232156
19202456 139116130
19202716 139220291
19202711 139546232
19202451 139091606
19202446 138893311
19202456 138333376
19202386 138227232
19202356 137690503
19202461 137294691
19202391 136736798
19202546 137620691
19202571 137709100
19202531 138458910
19202456 138497806
19202626 138895554
19202521 139192295
19202296 139308962
19202501 138593197
19202416 137796766
19202226 137644514
19202351 137461339
19202351 137745678
19202511 137399255
19202596 137532117
19202521 136922599
19203296 138207689
19202226 138897376
19202616 139066563
19202401 138922623
19203266 138129402
19202471 138181265
19202581 139179514
19202371 138644271
19202476 137048764
19202386 137980596
19202606 137264959
19202486 137276847
19202551 138620563
19202776 138180119
19202416 138590569
19202596 139189620
19202486 138285229
19202631 138485104
19202256 139515763
19202366 137712354
19202536 137630800
19202536 136512007
19202516 136865358
19202561 137187687
19202246 138143617
19203436 138550335
19202666 138793775
19202721 139184404
19202586 138659124
19202616 138675519
19202531 138130618
19202321 137975712
19202416 137291625
19202761 137552535
19202206 137271048
19202366 137527470
19202301 137894708
19202306 138181778
19202241 138410296
19202221 138519224
19202246 138972890
19202366 138692387
19202221 138730492
19202221 138300707
19202401 138064252
19202536 137321510
19202536 137336353
19202546 137313256
19202466 137423036
19202381 138267404
19202436 138600472
19202511 138767557
19202206 138871719
19202221 138585359
19202466 138846258
19203441 138179023
19202226 137990423
19202451 137748279
19202381 137518230
19202301 137452672
19202021 137605457
19202416 137841717
19201961 138557043
19202291 138384377
19202016 138758854
19202216 139029203
19202326 138559855
19202216 138584417
19202196 137870605
19202251 137944064
19202316 137555749
19202181 137431182
19202181 137593648
19202221 137562084
19202356 138052842
19202381 138515158
19202476 138667609
19202496 139005604
19202856 138697741
19202226 138893877
19202281 138170691
19202266 138009636
19202596 137729223
19202601 137537241
19202566 137444564
19202506 137690264
19202471 137859239
19202576 138381849
19202431 138695086
19202361 139060694
19202556 138921368
19202526 138874387
19202436 138192834
19202341 137898519
19202096 137726980
19202341 137569613
19202201 137621329
19202176 137729963
19202371 138132899
19202346 137991742
19202471 138690623
19202431 138874948
19202716 138926291
19202626 138907900
19202596 138665179
19202376 138376527
19202381 137872925
19202411 137641236
19202326 137670876
19202566 137577731
19202506 137530557
19202506 138251005
19202511 138503509
19202381 138823454
19202631 138917836
19202656 138916211
19202551 138663990
19202631 138260021
19202611 137890047
19202626 137798194
19202831 137833039
19202671 137698930
19202451 137957760
19202671 137959906
19202646 138153817
19202321 138609180
19202621 138764674
19202176 138506820
19202736 138578369
19202661 138483299
19202421 138345093
19202436 137974668
19202516 138077902
19202611 137592528
19202466 137623448
19202431 137601295
19202621 138234419
19202641 138157622
19202481 139128763
19202586 139005293
19202496 138880735
19202546 138618993
19202461 138584016
19202556 137920528
19202541 137633666
19202411 137616952
19202446 137388511
19202511 137576278
19202806 138064972
19202746 138161995
19202666 138816985
19202836 138336145
19202836 138880723
19202896 139137650
19203161 139201038
19203111 138710105
19203016 137534784
19203066 137687025
19202771 137193826
19202836 137485782
19202826 137951105
19202861 138231708
19202881 138417301
19203136 138913169
19203016 139033189
19202896 139134218
19202676 138963227
19202761 138556416
19202851 138288363
19202656 137714542
19202821 137573585
19202826 137149998
19202711 137450708
19202711 137886433
19202786 137632746
19202731 137761436
19202726 139284509
19202866 140316425
19202691 139657116
19202586 138401575
19202871 138863856
19202611 138144792
19202466 137221998
19202861 137285189
19202876 137314431
19202986 138081538
19202421 138623042
19202441 139038551
19202336 138541794
19202346 139528860
19202551 138637338
19202596 138563162
19202676 138848359
19202556 137799461
19202706 137249557
19202701 136761857
19202861 137428072
19202621 138020660
19202461 138484274
19202646 138741633
19202696 139461709
19202591 140198728
19202631 139391261
19202431 138631727
19202666 137806912
19202646 137282387
19202746 138145946
19202741 138387382
19202701 138430461
19202741 137155952
19202651 137970176
19202641 138746922
19202541 138978109
19202531 139687718
19202661 139337800
19202551 139106291
19202501 139214427
19202401 138643610
19202426 137984070
19202506 137672597
19202626 137834187
19202721 137646685
19202791 138205452
19202611 138284348
19202631 137889994
19202596 139910846
19202426 139481044
19202606 138771144
19202841 137909117
19202961 137554615
19202916 137826949
19202896 138087218
19202826 139260349
19202876 139299875
19202961 139464227
19202731 139355840
19202861 137462131
19203031 137853994
19203086 137744433
19202756 138268061
19202656 138943618
19202686 140614690
19202741 140101281
19202581 139426231
19202871 138573618
19202911 137249090
19202921 137420805
19202776 137636623
19202896 138149416
19202836 138741813
19203036 139025691
19202886 139255918
19202951 139947785
19202791 139414408
19202811 138996675
19202841 138290300
19202726 138370897
19202841 137894714
19203001 138149618
19202926 138060703
19202996 138429380
19202951 138648476
19203081 139373344
19203146 139111342
19202941 139538273
19202876 139809588
19203116 138266746
19202816 138735895
19202786 138142674
19202951 137914840
19202976 138617879
19202926 137852833
19202796 138992045
19202756 138039830
19202831 139684557
19202916 138525063
19202996 139425182
19202886 138945979
19202851 139654721
19203051 139110073
19203116 139029931
19202926 138210811
19202731 138220436
19202726 137817941
19202961 138639171
19202891 138602124
19202776 139201185
19202836 138712205
19202886 139222321
19202886 139183160
19202861 139892540
19202776 140888693
19202931 139526493
19202666 138300943
19202736 137594912
19202686 137917038
19202726 138143059
19202801 138478207
19202731 138903821
19202806 137984818
19202646 138963086
19202666 139914242
19202826 140208661
19202716 139595229
19202641 138624929
19202566 138980844
19202636 139073783
19202716 139251531
19202716 138795662
19202766 137088969
19202571 137514929
19202626 139858610
19202776 140683274
19202651 140386373
19202571 139023124
19202661 139191069
19202651 137983107
19202406 138995287
19202456 138084304
19202516 139731777
19202706 139018704
19202701 138710550
19203121 138270887
19202941 138650564
19202991 138838413
19202836 139640705
19202946 139833741
19202986 139476070
19203101 139200228
19202716 138705987
19202691 138960268
19202571 139640621
19202521 138858719
19202676 137927830
19202606 137937524
19202576 138069581
19202446 140561635
19202441 140940556
19202371 139455917
19202401 137430489
19202481 137801853
19202821 138799591
19202591 139973465
19202476 139606050
19202416 138323972
19202376 137892892
19202506 137739388
19202581 139025914
19202556 137917282
19202496 139494337
19202546 139181809
19202581 139333476
19202606 139925381
19202726 139007098
19202676 139299506
19202651 138707501
19202671 138648020
19202656 137959841
19202551 138490975
19202536 138340189
19202456 138894124
19202516 139717783
19202596 139424721
19202221 139584744
19202571 139020915
19202321 138628131
19202261 139236792
19202481 139636002
19202506 139061068
19202596 138361551
19202596 138804705
19202656 138820991
19202546 138745255
19202526 139112466
19202291 138740608
19202446 138760726
19202521 139974102
19202361 140170308
19202366 140425073
19202241 139563902
19202281 138420663
19202611 138343818
19202506 138832960
19202326 139048315
19202466 139069940
19202226 139014062
19202241 138239887
19202301 139594992
19202381 139757750
19202416 139871771
19202416 139349852
19202346 139013761
19202281 139183409
19202166 138831861
19202351 139102496
19202146 138723208
19202386 138689595
19203181 138781251
19202296 139073109
19202376 140313678
19202366 139904309
19202441 140351480
19202496 139720752
19202501 138608971
19202596 138931583
19202421 139318439
19202476 139470960
19202531 139485481
19202661 139451435
19202576 138175357
19202451 137776592
19203331 138594906
19202321 139414426
19202361 140033044
19202576 139548156
19202631 139380213
19202436 139036446
19202661 139258625
19202401 138690231
19202481 137687591
19202491 138161791
19202606 139689026
19202646 138803793
19202486 139260326
19202496 139512039
19202391 139304307
19202376 139595971
19202601 140542704
19202681 139731383
19202701 138600995
19202491 138735279
19202706 138527917
19202681 139226510
19202906 139638731
19202691 138492476
19202546 140262682
19202556 140901097
19202551 139139566
19202666 139816437
19202571 138852370
19202521 139397094
19202461 138724668
19202441 139016868
19202481 139107267
19202391 139169987
19202371 138895672
19202571 138962883
19202706 138405020
19202611 139549747
19202551 139516131
19202546 139726457
19202581 140078926
19202716 138906260
19202571 139186601
19202516 138403592
19202461 139122875
19202346 138477953
19202541 139678684
19202346 140136670
19202256 138614999
19202456 139345995
19202586 139195362
19202701 139380877
19202431 139936516
19202451 139472708
19202451 138576733
19202451 139165266
19202551 139801211
19202626 139097055
19202556 139339029
19202351 139013197
19202536 138349415
19202381 139329155
19202336 139208749
19202306 139725156
19202331 139953042
19202461 139880271
19202571 139538508
19202606 138755385
19202511 139328433
19202496 139421904
19202551 139197505
19202571 139531039
19203386 138544933
19202711 138196064
19202796 139311697
19202606 139395778
19202791 139595861
19202566 140449578
19202716 139044142
19202676 139765286
19202686 140614294
19202721 139489391
19202696 139594209
19202636 138415260
19202546 138774709
19202691 139696512
19202471 139137410
19202656 139802941
19202466 139196141
19202286 139092782
19202031 139718019
19202681 139098735
19202591 139694490
19202666 139953031
19202721 139876829
19202526 139761759
19202316 138786625
19203381 139081876
19202606 138632024
19202486 138905665
19202571 139876256
19202416 140133558
19202546 139965582
19202611 139869322
19202576 140097549
19202616 139281480
19202626 138941784
19202546 138799812
19202721 138289773
19202626 139277985
19202471 139260733
19202171 139138498
19202316 138999858
19202306 139877356
19202351 139781229
19202351 140191060
19202281 140243185
19202366 139263479
19202661 139566310
19202571 138996289
19202471 139234298
19202511 138911208
19202656 138953114
19202781 139619117
19202736 139512940
19202731 139708924
19202621 140014078
19202711 139548205
19202786 139580303
19202616 139836083
19202501 139433829
19202571 139446837
19202716 139331400
19202611 139100758
19202676 139462052
19202606 139420704
19202716 139117245
19202546 139257713
19202496 139560485
19202666 140016204
19202511 140441915
19202141 139969479
19202391 139675911
19202446 139840487
19202426 139737069
19202251 139080348
19202336 139336360
19202196 138868411
19202451 139529804
19202491 139470124
19202486 139615389
19202436 140083958
19202626 139846092
19202501 139337746
19202681 139495985
19202646 139845161
19202491 139925446
19202786 139156923
19202886 139077274
19202506 138932062
19202326 138937668
19202326 139370359
19202421 139590665
19202431 140192381
19202336 140437562
19202526 139674545
19202611 139740560
19202741 139597448
19202621 139535882
19202546 139276968
19202421 139742792
19202591 139291961
19202461 139520691
19202791 139677646
19202461 139131258
19202606 139744643
19202576 140515140
19202856 139632907
19203181 139698600
19202761 140276447
19202781 139905781
19202816 139235398
19202581 139357980
19202416 139133026
19202541 139228659
19202426 139110001
19202266 139586992
19202571 139893696
19202546 140542956
19202791 139213299
19202841 140013284
19202531 140181160
19202646 139521186
19202701 139865969
19202691 139480253
19202686 139458163
19202681 139051952
19202841 138847719
19202631 139752822
19202706 139910295
19202731 139567257
19202451 140572931
19202591 139978524
19202666 140325679
19202851 139960517
19202771 139468332
19202726 139847845
19202701 139181260
19202876 139576064
19202916 140046090
19202921 139951463
19202886 140340946
19202911 139692263
19202921 138878474
19202881 140382199
19202956 139691675
19202701 140590736
19202666 140465549
19202696 139643084
19202851 140385589
19202621 139144382
19202691 139880792
19202586 139628445
19202551 139206861
19202751 139912587
19202646 139023976
19202666 140488157
19202601 139623534
19202711 140119432
19202571 140219007
19202831 139925438
19202571 139451951
19202836 138803214
19202746 140223747
19202631 139220051
19202801 139766616
19202686 139838421
19202626 139974548
19202751 140916576
19202821 139068844
19203011 140815623
19202891 139773200
19202866 140630305
19202991 139261131
19202996 139405803
19202936 140093828
19202811 139621265
19202791 139989275
19202766 139345198
19202801 140376440
19202731 139227869
19202616 139510434
19202861 140307961
19202761 140396558
19202791 140228191
19202866 139812895
19202881 139942098
19202811 139891792
19202786 139207128
19202881 140597497
19202721 139204420
19202771 140234741
19202751 139998442
19202536 140244061
19202766 140591698
19202661 140108983
19202791 139826561
19202656 140527582
19202571 140062880
19202576 140093437
19202471 140092195
19202606 140207158
19202606 139384958
19202496 139652375
19202531 140071659
19202436 139814504
19202696 140111544
19202601 140154617
19202581 140319985
19202576 140149352
19202631 139579332
19202466 138951420
19202406 139035964
19202456 141573112
19202641 141317400
19202566 141206445
19202536 139712140
19202516 140058702
19202621 138683181
19202431 139591545
19202286 139636868
19202426 140155825
19202336 140195134
19202151 141147800
19202496 140256127
19202281 140338158
19202351 139314350
19202346 139019179
19202426 139358571
19202416 140700963
19202391 140452397
19202426 140807313
19202546 140921851
19202426 140626921
19202256 139962488
19202311 139764341
19202581 139306523
19202036 139503087
19202446 138906348
19202226 139289055
19202426 139569573
19202371 140169406
19202226 140279105
19202616 140727866
19202496 140823327
19202311 141134406
19202341 140764005
19202351 140925014
19202581 139571099
19202416 139680013
19202226 140360248
19202286 140070796
19202366 139301491
19202391 139704296
19202381 139848556
19202551 139031098
19202726 141525804
19202491 141347048
19202226 140799877
19202321 139713681
19202536 139870903
19202611 139952691
19202461 140851929
19202541 140194988
19202486 139652396
19202151 140443028
19202576 140142098
19202506 140213451
19202496 140102801
19202531 140028613
19202621 140262923
19202301 140010091
19202221 140887299
19202271 139668883
19202221 139934813
19202056 140410247
19202296 138708088
19202441 140091952
19202401 139237772
19202481 140023456
19202306 140589601
19202306 141367986
19202286 140752018
19202296 140311446
19202341 140585900
19202306 139418553
19202241 139875888
19202371 138943744
19202526 140567060
19202326 141027510
19202326 139525071
19202361 140896494
19202441 139418126
19202366 141089439
19202231 140610123
19202331 140838959
19202396 140652936
19202236 140718727
19202181 140674866
19202121 140266765
19202226 139420536
19202226 140109425
19202156 139169529
19202236 140813933
19202171 140304045
19202411 142637870
19202396 143225887
19202201 142715166
19202411 140478138
19202341 139286235
19202176 139584647
19202366 139224782
19202391 140522640
19202041 139825618
19202071 140982041
19202306 140235736
19202281 140829493
19202186 140735460
19202336 140305534
19202236 140844742
19202096 139970286
19202041 141612446
19202236 140658279
19202396 139451656
19202461 139902179
19202276 138917336
19202371 140172036
19202406 140510418
19202226 140698311
19202291 140544501
19202261 141032090
19202336 141952898
19202481 140185091
19202461 141468875
19202426 139774716
19202516 139830718
19202381 138895104
19202341 141651738
19202531 141923125
19202611 141667757
19202571 141071933
19202651 140714810
19202686 140412172
19202691 139548394
19202601 141092910
19202271 140695275
19202556 141813041
19202621 140580277
19202511 140370788
19202551 140041796
19202546 139177525
19202446 140589354
19202441 139695639
19202436 140756632
19202396 142033364
19202476 140201252
19202421 141480046
19202236 139969709
19202311 140803452
19202491 141035950
19202661 140256575
19202671 139460201
19202321 139321671
19202391 141165710
19202546 139837504
19202286 140373410
19202456 141467533
19202386 140194928
19202386 141005722
19202421 140314811
19202341 139521355
19202396 140452536
19202321 141204193
19202621 140230958
19202536 140261913
19202571 138818733
19202376 138916700
19202491 140076329
19202406 141087791
19202351 143364652
19202166 140607836
19202251 141240398
19202536 139736027
19202401 140414033
19202506 140525723
19202476 140994541
19202586 140433662
19202341 140761098
19202441 140312834
19202341 139825958
19202576 140087973
19202376 140370675
19202676 142129252
19202491 142131272
19202476 141989760
19202351 140368248
19202231 140410084
19202361 140241948
19202486 139846909
19202171 140985831
19202446 139586498
19202091 141096216
19202111 140729185
19202366 140097460
19202261 141551016
19202361 140947193
19202386 140980595
19202366 141233992
19202306 140973784
19202071 140045836
19203246 140816767
19202311 139717794
19202521 140670929
19202751 140231354
19202786 140143187
19202586 141675902
19202801 140343191
19202836 140568234
19202796 140644419
19202791 141399217
19202401 141071712
19202251 141029067
19202341 140716212
19202386 140092882
19202381 140284281
19202401 140807278
19202351 140512280
19202251 140801682
19202401 140978750
19202426 140451522
19202661 141199631
19202496 141158643
19202661 140427186
19202256 141371304
19202371 140467714
19202506 140469809
19202591 140995275
19202621 140218558
19202541 141018943
19202446 140605501
19202531 140328180
19202601 141800515
19202396 141404449
19202501 141339756
19202481 141198120
19202581 140116204
19202596 140639999
19202396 140644152
19202506 140751642
19202276 140625677
19202336 141479814
19202351 141696546
19202456 141106564
19202426 140843150
19202666 140073342
19202801 140471873
19202621 139762488
19202626 140914820
19202431 141045857
19202561 141011673
19202536 141523667
19202471 141178136
19202491 140982630
19202051 140466969
19202591 140537013
19202556 141093189
19202536 141002030
19202741 141086004
19202551 141179237
19202411 140919547
19202656 141173342
19202656 141308592
19202686 141196475
19202851 140871241
19202676 140779897
19202541 140227552
19202611 140656439
19202656 140464884
19202621 140905431
19202676 140943474
19202316 141228705
19202426 141332930
19202436 141193810
19202626 141419902
19202246 140963981
19202466 140850805
19202321 140850017
19202166 140598447
19202406 140767543
19202296 140547539
19202446 141018819
19202441 141157672
19202506 141536000
19202306 141060121
19202476 141742112
19202386 141227415
19202481 141302667
19202261 140911315
19202226 140849798
19202271 140541211
19202381 140191641
19202276 140569427
19202411 141201598
19202331 140649333
19202506 141256091
19202481 141365840
19202276 141535687
19202416 141271889
19202341 141772413
19202221 141457430
19202336 140892828
19202326 141110062
19202376 140358344
19202486 141265286
19202411 140592477
19202481 141002565
19202326 140799074
19202306 141872412
19202481 141637777
19202491 141957213
19203311 141706283
19202601 141705197
19202851 141078699
19202716 141470776
19202621 140966740
19202501 140726950
19202531 141627125
19202446 141268436
19202301 142518850
19202426 141666966
19202356 142961664
19202226 142340229
19202381 144358327
19202496 143321069
19202351 142584904
19202366 144220538
19202466 141232795
19202551 144737616
19202536 141878598
19202576 145375962
19202646 144770129
19202656 142356174
19202596 142247299
19202516 140662928
19202711 139538338
19202596 139800000
19202641 139483203
19202606 142081700
19202461 143957918
19202346 143149345
19202461 142659852
19202346 141967872
19202356 144472565
19202481 139793264
19202601 138888556
19202401 137308650